-2.04165727273257
-8.42642691167534
-6.44631100484892
6.55646964947912
0.477330629986368
12.3558132986763
4.63393761437839
2.92862149439451
-1.11741014768179
-11.5801621592719
-0.526908233446229
-10.1346390324449
-1.14389475253732
-0.579433373971071
-1.61052266416953
7.36728020649764
3.37698136264632
7.39743128658756
3.2708691470039
-4.7113785367766
-3.46436755803721
-9.98408992160709
-5.8274720593215
3.88212990795592
-0.152075445295234
16.5356221369895
2.68180175978778
4.22099025841243
-5.80452988847462
-13.7685870835992
-9.11793452511241
-8.25789142481272
3.69965249545929
8.36518476549489
7.00493298207054
8.17949552635142
-3.22842244848745
-0.337275426506103
-10.0115131109717
-5.40945480988727
2.31263256476542
-1.82323716128149
5.80487873026402
0.701021231945053
1.92594424898335
-1.21151998001627
-5.45232822992151
-0.851143584752173
-2.69278212183708
7.46024947117774
4.00770474417377
7.98667346158275
2.66047204954686
-4.50581549473384
-8.79511299617906
-10.3907159598078
-5.22443197235726
3.59226180426913
13.0061512603966
18.0782248225027
11.9245243045454
1.13735549196494
-13.5090488809921
-15.889268731238
-13.716525426556
-1.61213890089115
9.10675872421293
16.2986209746341
10.6374697872477
9.23870648726775
-6.5717185430945
-9.36717752485983
-12.4270797833217
-10.2929404191526
1.25253905968804
0.724496944918559
14.2036608492316
9.04154893528831
4.69097433286473
1.31981949728059
-8.33868174632116
-5.95142217387752
-2.60043248592746
-1.41820101870291
8.50005705487767
9.58248213219219
9.24270119200178
8.83947638362929
-4.88178601884674
2.7541881848172
-11.206526042015
0.443827612838299
-4.67591867549246
0.320510471043682
8.96346451647062
-2.71850528807311
3.7433055957819
-7.03864052459067
-7.62898488844862
-5.01008484726904
-4.67181464438911
-0.0793406355518771
7.98958173626526
10.7363122673745
14.681843852783
5.8489080154703
-0.807062455460189
-14.2969484947286
-13.968180485721
-11.5274331756664
-2.01383664027037
9.21006941614073
9.99274057782208
19.0545808214952
8.25623284535649
-0.441068666757503
-4.04433523788366
-20.540033982572
-5.60172385910368
-9.38662238051994
7.31471214196288
13.9763226349364
12.000186109847
16.9879922938127
-3.61214645116914
-3.64059143945907
-16.5500924195461
-14.8545274934104
-1.28006769777264
-1.86565433736401
7.93347707060797
7.37918652302543
4.64471039923825
6.322419874803
-4.44971085195744
0.331085040133185
-3.02827348069261
1.22308228064654
0.341662060741512
-0.0288197120977591
-3.5712790217477
-1.97279564537205
-4.24343597966674
-2.14863794606597
-0.825810600706744
3.00230079736767
-2.79212366264387
1.03243552808706
-0.992088742906285
-3.359969204131
2.64347457221365
-3.34634590617469
3.85494541408977
-5.79823874289674
8.65787203314644
-0.853508269002943
5.24106797388666
4.44230385381382
-0.777744246728123
4.32573894959764
-6.60736180064944
0.244702359728953
-6.11617829950478
2.9010500373577
0.394597026323494
8.30354275387244
-0.114106283790664
0.983737554946289
0.129774704715916
-5.60631295728812
-2.17398590012426
-6.22884810091615
-1.31966766889781
0.989101591152638
-2.85918940925915
5.81644856272415
-0.878471021069196
2.9103264737485
-0.934032072686503
-0.361238483702365
2.89349839064725
-1.82232951851727
-1.1942981786419
-2.9051369444656
-3.8148853455909
-1.81919079664226
-7.08829560751119
3.81669867192711
-1.19789436265566
2.77488309190956
9.05507336652823
-4.57266662431451
5.98251689025862
-10.0105016612282
-5.5442464762967
-3.66574452565593
-8.89169337734025
5.81927591879068
-0.456209010529521
8.02003907370033
1.01842741694669
-1.93225897134852
1.42811002820898
-8.1789846655403
1.45092153546698
-0.233787389579537
2.21077322738274
7.30538190773977
-3.27920812847395
0.367400593816477
-12.1625403611388
-4.2592002233603
-2.05114994543477
3.34470377713808
8.68269406426854
10.7603756561517
6.99184349960809
0.860270105581258
-2.59736444142957
-9.17224814695569
-6.79582952399007
4.56964639708214
0.161988446534371
14.3773505148961
0.291441527628306
2.88217887150943
-2.58777791091004
-9.27153742418007
-6.04713118954072
-5.61332137848179
-0.691325545018841
6.18530988414395
8.78491236812721
-0.11038205060595
6.78288341052159
-9.34333612613907
-2.107790157003
-4.24253853688906
-4.99173517891209
4.19948848642232
1.80282263022174
5.81821667092391
3.75245192212462
-6.47877651835674
-3.99249295466866
-2.83797409155962
0.719979436155285
7.0259113716026
3.86908009181798
7.70586498990442
-8.1238980481204
0.673084906941911
-9.77224016467168
-2.51255302904886
0.844074086513896
3.27241704423317
7.13239602732981
3.48069475392303
1.4051604676738
-4.27965988062792
0.240306055012327
-1.70222196681847
6.22651417503623
5.17186263787752
7.04097881977572
6.83828903860221
-4.34335630033659
-6.56415166319115
-9.34670686279918
-6.13627514808859
1.39281314231666
9.44362046145533
7.93790474487847
9.66025833523091
0.26602587782577
-2.87102059546262
-6.11754891210417
-3.92881518141136
-0.88163623623051
5.08024884917806
7.25793607577175
9.53234251791825
1.62936521504704
3.56135889782082
-6.48099760839176
-4.2890853155545
-1.09783738297214
-0.876336850851337
0.224758246338112
-0.0314846047851183
-2.70770772180222
1.59897298439988
-0.154250159419453
2.05153776016653
2.03047882851541
-1.53692022161458
-1.09600390069496
-0.710159280957036
-0.325528432356191
-4.40333268803184
-1.97566030830878
-4.94977184196808
-5.97738384783229
1.82765284710237
-0.268533748547311
6.47818078341622
5.35172868017115
3.71363034100689
0.890502738381845
-6.67113942559987
-6.36959579856511
-7.28255258689765
-1.98297039086108
0.822908226705574
5.22749358072385
8.45088381352405
2.74485218711284
1.01340270601085
-4.14835567123565
-1.65996750122135
-1.74796061461899
3.5023511274454
2.76213574118721
4.74419293342999
-0.00807801961287558
-0.936947454051815
-5.15298727204554
-6.27744619332127
0.032503358786813
6.32109094542101
8.5306115136584
10.6754802136754
3.11990216439516
-3.90622539441346
-8.42645121765654
-10.8450737491555
-7.63316281374989
2.15392458888478
2.84343945424866
12.5707069574888
9.2826048521287
2.60525312655633
2.07839064466341
-2.3809178936961
-8.67195069357073
-0.212760337661426
-6.54719623114205
8.55710759217039
3.80345741768647
9.49679844380344
0.0465171503937656
-3.60515506939042
-7.07804131412616
-10.589617587702
-4.22637625548701
-3.90955206727763
8.27177329967429
3.42715292570957
11.6763230058863
-0.115967165651682
-0.561165503553814
-3.40149718310042
-7.41450184726941
-1.23453042791441
-2.96706846713664
4.88631932140746
0.106881386617443
1.1007005575007
3.43462474247254
-3.21575378538848
5.76301683478842
-2.42245892688465
0.114915352255525
-4.62537471530445
-4.02594287218765
-2.44531299631273
-1.37309612739746
-1.11422258983095
3.68115985469015
-1.21689754493771
1.65145069078423
0.89848430163912
-5.18671123557487
-0.720185731012779
-8.65826999498203
-7.32588961561421
1.71904464974422
1.86516785121864
7.05764354313206
6.87046460537367
-3.97641016434437
0.0916286798067965
-11.9013404086695
1.16247220406708
3.73753455339582
6.0087757322741
8.87964112527324
1.00532379923812
-4.41018727886365
-4.28115605596809
-11.3067760879581
-4.78453302589253
-6.11509545776593
1.64114538070072
2.83496482305435
5.48547754062723
2.76996989311051
6.78391370184433
-4.11741703499239
-0.199408176975351
-14.0219777422419
-7.34228550118858
-4.23207221225463
-4.6588385933404
14.4713044520225
1.0898597128263
12.2168087158237
2.89004178475861
-4.68049077075124
-3.95573176905498
-10.1237102731049
-4.4484466536116
-2.00515109176928
-0.769994366000508
11.7467202238381
1.00531630993777
1.97408277935548
-0.910697106566423
-9.92941619465507
-6.71795438049606
-10.5340249862074
0.51184819825931
7.3929494088011
8.27049717751626
9.60547695229868
-0.355548751716683
-1.42868766710524
-7.97555221893866
-5.28137186546418
-4.60157226539806
2.25640742715005
3.13009413171427
6.31828518318009
5.23338046958182
2.61019274362495
-6.44064725454447
-5.49884968507686
-5.8161484918184
-8.11043380346174
5.42543770574257
0.256745974458775
12.5828589295987
7.31506941108162
4.71876965085141
2.75457924173283
-3.65508974374204
-0.167373485890169
-2.14647573901759
-2.61596504843853
-4.68040024038617
-0.578672003854726
1.1556340357221
3.4925973166255
5.88509631395991
4.25928005956942
-0.231660734473112
-3.14830581517842
-4.41909440189164
-8.17420344681702
-3.00982052999156
-8.17468838411258
-1.23826740241733
-1.96763385037807
0.839962736927613
4.66833340974272
2.6231816273431
5.01396747393219
-4.11386556715025
-5.74223445659605
-8.41904104508774
-6.45151085155567
-0.310187027643028
2.35642742440108
5.45453576565313
0.93157985998782
3.72988959785808
0.90581678941767
-1.02076718202002
-1.72907849221161
-7.05194601162418
5.93316660920185
-2.16719421224627
3.69830771795959
2.92409197807678
-9.15819963820534
-1.42472570237967
-12.3657471883278
-4.41636512528455
1.94476688015202
-1.94121634036368
12.1667910111444
2.73618628204495
2.53387495099465
2.38736070501959
-6.09181186146529
1.47126057925664
-5.91660980929627
1.1832298039746
3.25871085003871
6.31894011547395
9.23147303765947
4.02530196845202
0.141643246604373
-4.55760703566844
-8.79651061014295
-8.48582342427193
-9.54786629816681
2.56698143406309
-0.250869013562862
10.2079830738411
7.85219444040361
3.74632177943105
2.87076900301251
-7.60940594549338
-0.715492807172375
-3.13275122458464
2.08941214509888
-0.670711528510365
6.80617510609742
2.37751085080679
3.39804125585746
1.96087909667255
-3.42760943477312
-0.608730040076485
-0.113577004154025
3.93418884116024
7.5022854760155
9.94410438473437
2.56181427833128
2.19294727875981
-12.3064605653697
3.12548240131312
-7.80949510153633
11.0510753899929
6.99697623601411
9.23142251160647
7.014202898838
-4.18880185883247
-3.57917537259737
-9.90940719965061
-6.15988520193606
0.340182686995594
0.111001445268173
3.24500721906865
4.96211013907306
3.72368160967258
1.96513655728929
-0.410576039945167
-7.55570290050444
-0.541050092309574
-1.49454918124692
4.97506865161802
5.83000481693847
1.05920191124407
5.9570653108777
-9.23514932499462
-4.66149730966896
-5.3090964931551
-7.61365690449477
7.33567447139494
6.53151935843161
9.18220096906779
6.38144967577022
-0.650826603078394
-3.45482341299767
-5.65252412733868
-4.73644690260422
-3.25653477900688
-3.15741468945997
0.323986702090058
-0.508337029824362
2.77895714146625
-5.36547176794655
-4.48550231456086
-5.26162567965769
-1.44423855852211
0.643173794913823
6.46769202179
6.31072967383351
4.16530833166897
3.26220982852544
-3.12996021280588
-4.73595605206061
-3.85317356643083
-2.52179611213111
3.18708000292631
2.8416597666355
8.28530641874571
6.29894655703006
1.56312605296574
1.57372053757083
-5.7230672528705
2.07246092424719
-5.8362183916997
-2.41292949429749
-7.07532683865032
-6.02203274707558
1.8812146786101
2.11780219162086
8.4754199096526
8.735545869453
1.06397649168616
2.6009476352613
-12.3073945503519
-9.17890794917351
-10.2658691712995
-0.670500846645854
6.44820303335285
10.3711269471113
9.3704342136214
0.0744777445369337
-5.95914569655529
-17.3073210867779
-12.9935819471558
-11.0493413300376
5.79706469355234
10.8993070708641
17.628519708051
16.8802379608802
-0.837249206199376
-5.05563705123164
-22.7568073106498
-17.0653826866151
-9.03433660031686
3.91664406267502
15.2486436318987
24.4286734748589
12.2513998662516
5.45813281836663
-9.66877501835511
-17.9144459797503
-14.5461432261768
-6.36193094673158
9.77945008762013
13.7559779248658
19.3827585853298
8.12919028726492
3.33080589180499
-13.5845626292654
-9.65590629734023
-15.8483352576289
-8.56495645848762
5.76791995995027
8.81707116423136
21.8222169629452
10.7388396627133
2.53956002038804
-10.9976940057137
-17.7165804018768
-14.6919617644869
0.15703120992185
-0.252208923267482
21.2691952296971
9.13308272187387
14.0742315331149
-4.39761428370449
-10.8731900695443
-13.0980307261035
-9.30666860986616
5.84701066978207
14.7894593262107
19.0078508839329
18.5800585125769
5.30228443185094
-7.80963326185269
-15.0160379402563
-20.4832563345418
-8.62886709949775
4.11195404492846
12.4402499633017
19.3919207990674
7.15240492213612
1.31268246490874
-13.201069653682
-14.3249584976033
-15.4457641862458
-1.84720964404995
3.97281809525355
18.159760392497
15.1683090280298
6.44626681731377
1.09250438937066
-14.5625125351563
-12.104445183551
-12.2385671087222
-6.50320693414297
7.39595047916688
11.5235726581442
18.7650268620546
12.4163450611314
-0.990684130657919
-4.16876713480867
-16.925184027857
-7.5046591667453
-5.14613890278974
10.41082794788
6.76292539804211
11.4202481798439
0.923810974961085
-0.362228393229348
-4.92064671587063
-5.23996999404786
-6.81962273999703
0.522414028938506
6.07980666042044
4.19672797912548
7.52464201788406
1.01358918137738
0.671547326186769
-1.6794240574437
-1.5172525716989
0.639296059688891
1.40667718946542
9.73579222990871
1.70368769153926
3.51189987317228
-6.49620115398891
-6.27272545363708
-6.1653921551758
-5.20019208945624
0.626797116074903
1.02492504690609
5.10635465292694
5.37764224025383
5.88547491564146
1.90108090804792
-5.07536128187107
-10.3464182882243
-9.79608224233889
-7.06970733675134
3.50461228848078
5.38437702987532
15.1060033363912
5.52998818602144
-1.66052111479763
-5.39515088164275
-16.0382159515732
-5.35763315465671
-5.61933456567361
5.37356793706131
6.28710114822819
7.01002414802969
7.20133785680547
-5.18829263875279
2.61820205319595
-5.44359230606645
3.76677578518578
1.55990701705165
1.05219373461349
2.56190099560638
-5.08730857318563
-6.70163345398441
-9.23455433524989
-4.41373216191614
-2.77591049687581
2.56387995323112
-1.53260968240468
1.00258625939603
-3.00266958347894
0.418552694812658
-4.00228838520173
-2.65443424099718
0.621954024918247
0.697893706438343
4.31968418793446
8.25444585666961
-2.71171119912837
2.65777136325247
-7.71768475247713
-0.464682582503114
-3.50597650616362
-1.59676088781705
7.86796889134554
-1.33660962008253
10.7536823687861
0.98323191815001
-4.08181543474764
0.877849828224031
-10.7795441702615
2.42935400610985
-3.00995307021544
4.59533348763893
1.78830370311649
-1.86466251647966
-0.112192137219683
-8.21456626065849
-4.29769515726511
-4.92634394023663
-0.836406874576685
-1.99226124395943
9.53792462230835
5.65726434229427
12.4704494830175
6.7818087816103
0.121470356453237
4.84777779151936
-2.42288758345452
-6.62983512865574
-0.663648886658659
-6.49583186680952
2.28174393123758
2.58554766956029
0.936665060935317
7.21128230199363
3.17303473242781
1.91756643342808
0.382645834639265
-2.2558572799855
-0.523330771622692
-5.7266741661617
2.85258266148562
5.33034579514775
8.00375407611155
6.60394144461271
2.23298373461729
-7.07522875777207
-6.43364654123627
-10.8061973416589
-5.22030830440322
4.30639710677382
1.85278393252454
12.2644830807842
7.07454858479759
1.92908179056122
4.88405752093765
-12.7207374750616
-2.05155414138893
-8.10036211920835
-3.66178728978483
6.0015308453776
-2.68095881490034
7.15348551143375
-0.175578572504227
4.80868503543877
0.670986124684567
-1.86775240044264
-1.81232662594934
-2.53573754114802
-2.64332409187471
3.60050646314456
2.10046251779768
2.4003030323925
3.31358967944496
1.83345331442877
1.2158754349529
3.59355053665927
-2.58222182053326
3.68469885507916
-0.752299486085678
-2.62109749197279
-2.12755167211205
-6.93907393143274
3.25546902919517
0.506270251936248
9.70264722586849
5.24432319083091
-0.420226685279049
-2.99028859066797
-10.6386740126256
-3.92984217838191
-5.30000023996022
3.90188657697361
4.70005679357529
7.02563808532179
4.45626292958519
5.36816724214056
-3.55053286209141
-3.3093006581927
-11.8274479466112
-4.28284349794143
-4.56037685194168
0.285183731414755
8.57356046544672
3.83298513832354
0.529380160186367
4.48721198011242
-12.8728476714835
0.596392001347953
-3.91200190459659
-1.79896485586943
10.4967344743329
1.84141040432907
11.1754803057444
2.34234940979379
-2.79286709557153
-0.368792416092035
-9.68582998886599
-4.73739199898246
-6.55847192590271
-0.556065845509317
4.12667082358676
0.427234149511739
6.70567383002981
-4.71477354618953
0.924215702085248
-2.75919469978816
-0.569702186174969
10.0298891123665
-1.8008868952265
10.2397516620466
-0.396697566737091
-1.51674825153936
-3.43653328405743
-5.30540904320006
-8.71641447096113
-1.80009139912243
-4.053116451554
8.53127003846531
7.51018945095257
5.98573564168976
13.8370652248053
-5.36434329012376
-3.42795169118599
-9.12484053049795
-15.5421649158698
2.54766445001354
-3.60036049865315
11.0811669963321
5.5303317295007
-0.413276165104941
1.84350104829394
-9.78902571153819
1.23900931824847
-0.159617746051163
0.135115568984847
5.94793707228445
-1.70451554525287
3.31705399390506
-2.37025628830947
-3.03698746467506
-1.90100166793094
-5.90433183250097
5.17330652739333
-1.51996828738677
4.87641799807872
2.7098707698242
-3.83824355245945
4.6588556664126
-4.63859554789932
4.73116607806133
0.362826758117871
-2.52506792875133
2.14856630394908
-8.26898086155167
-1.38954634947725
-0.933404666183204
-1.75197496222576
5.23629631234938
-2.23526267089777
0.804068663613406
-5.84163547759439
-3.03209333557686
2.03221305596627
-3.54699961297074
11.9419833674852
1.17091264532468
8.25192745314287
-2.05390100573173
-4.37787821696431
-3.95618228244284
-5.82323502113965
-2.85502830780856
-0.199275891231258
-2.71317148363134
1.93032124740661
0.967120943536393
-1.04594665860063
2.35340919443431
-2.06296887805194
2.11574470217964
2.18307928777645
-1.60517335552904
-0.273059214400076
0.133074515076755
-6.15296660836247
3.60085596078035
4.8595783364779
8.54530079081952
6.34633259584853
-3.02405337966258
-0.923687682965979
-11.1629163434391
-0.305939440015381
-4.1534363443469
3.46806282194978
9.008277778925
0.0291314009077061
9.32757294654431
-5.25628253487674
-1.20410218308909
